   0.00000        5.84013
   8.34745       14.21435
  16.69490       29.07511
  25.04235       46.34582
  33.38980       60.56258
  41.73725       70.78511
  50.08469       76.36440
  58.43214       79.95835
  66.77959       80.70970
  75.12704       82.12153
  83.47449       81.91022
  91.82195       81.89999
 100.16939       79.07170
 108.51684       75.30670
 116.86429       72.13663
 125.21174       68.50912
 133.55919       65.86443
 141.90663       62.30191
 150.25409       59.84156
 158.60153       57.42644
 166.94899       56.35343
 175.29643       55.49114
 183.64389       54.53688
 191.99133       53.81618
 200.33878       51.83287
 208.68623       50.83237
 217.03368       50.06062
 225.38113       50.60795
 233.72858       51.05531
 242.07603       51.97828
 250.42348       52.91471
 258.77094       53.65262
 267.11838       52.21515
 275.46582       50.73555
 283.81326       49.36378
 292.16074       49.05493
 300.50818       48.71630
 308.85562       46.98310
 317.20306       46.68040
 325.55054       47.97431
 333.89798       49.35072
 342.24542       49.28366
 350.59286       48.21900
 358.94031       46.77850
 367.28778       44.47603
 375.63522       39.43760
 383.98267       35.43050
 392.33011       35.11136
 400.67755       35.24614
 409.02502       36.02712
 417.37247       43.11257
 425.71991       44.04753
 434.06735       39.68711
 442.41483       37.81723
 450.76227       36.44771
 459.10971       34.48674
 467.45715       32.01084
 475.80460       35.42439
 484.15207       41.26271
 492.49951       41.27621
 500.84695       39.96806
 509.19440       34.88001
 517.54187       31.77050
 525.88928       29.83967
 534.23676       27.87955
 542.58423       28.02888
 550.93164       30.13150
 559.27911       30.46235
 567.62653       30.67699
 575.97400       29.53384
 584.32147       31.26773
 592.66888       29.45641
 601.01636       28.46001
 609.36377       27.82083
 617.71124       29.00819
 626.05872       29.33042
 634.40613       36.60305
 642.75360       38.16241
 651.10107       38.15673
 659.44849       45.06867
 667.79596       46.64069
 676.14337       48.73590
 684.49084       45.88366
 692.83832       42.26330
 701.18573       39.00880
 709.53320       32.64222
 717.88062       29.72520
 726.22809       28.84531
 734.57556       25.93169
 742.92297       24.10290
 751.27045       22.09378
 759.61786       21.50526
 767.96533       22.23513
 776.31281       30.83815
 784.66022       42.90068
 793.00769       50.05512
 801.35510       51.87510
 809.70258       53.84262
 818.05005       50.62270
 826.39746       54.21888
 834.74493       50.49444
 843.09241       42.59255
 851.43982       39.31504
 859.78729       40.83965
 868.13470       41.66445
 876.48218       43.94859
 884.82965       41.99950
 893.17706       41.89177
 901.52454       46.22893
 909.87195       47.41080
 918.21942       47.83691
 926.56689       43.43202
 934.91431       32.01608
 943.26178       24.09580
 951.60919       27.86693
 959.95667       37.47360
 968.30414       40.30160
 976.65155       44.83399
 984.99902       32.23506
 993.34650       43.99521
1001.69391       58.42312
1010.04138       55.22531
1018.38879       55.38122
1026.73621       56.50595
1035.08374       51.96159
1043.43115       50.59295
1051.77856       44.11388
1060.12610       41.28111
1068.47351       49.83323
1076.82092       52.74080
1085.16846       52.40244
1093.51587       44.93550
1101.86328       47.55804
1110.21082       50.80025
1118.55823       47.35344
1126.90564       53.19939
1135.25305       52.33976
1143.60059       52.54312
1151.94800       49.59569
1160.29541       47.53822
1168.64294       46.34135
1176.99036       38.31096
1185.33777       25.13078
1193.68530       16.79009
1202.03271       12.30714
1210.38013        9.99714
1218.72754       13.21231
1227.07507       11.62380
1235.42249        8.42835
1243.76990        7.58091
1252.11743       10.54889
1260.46484       11.83836
1268.81226       18.22509
1277.15979       27.89572
1285.50720       35.70329
1293.85461       50.88892
1302.20215       65.64054
1310.54956       77.72238
1318.89697       76.94561
1327.24438       64.20243
1335.59192       57.90854
1343.93933       46.39628
1352.28674       37.60225
1360.63428       32.90590
1368.98169       35.45054
1377.32910       41.94099
1385.67664       53.12753
1394.02405       69.79191
1402.37146       96.13634
1410.71887      112.90943
1419.06641      113.86740
1427.41382      107.29079
1435.76123       95.62241
1444.10876       84.56171
1452.45618       72.97029
1460.80359       65.97079
1469.15112       61.32552
1477.49854       55.55751
1485.84595       50.50325
1494.19348       51.69365
1502.54089       55.92658
1510.88831       61.14593
1519.23572       63.57016
1527.58325       56.89925
1535.93066       47.20058
1544.27808       44.47517
1552.62561       44.88389
1560.97302       42.16325
1569.32043       35.89391
1577.66797       35.59917
1586.01538       36.81269
1594.36279       36.98868
1602.71021       33.25788
1611.05774       25.55555
1619.40515       22.12068
1627.75256       18.43769
1636.10010       21.89558
1644.44751       24.27777
1652.79492       32.54522
1661.14246       36.34755
1669.48987       45.51829
1677.83728       83.80087
1686.18481       62.61177
1694.53223       58.50451
1702.87964       40.15840
1711.22705       16.91267
1719.57458       13.37709
1727.92200       13.04348
1736.26941        7.76445
1744.61694        7.02742
1752.96436        5.03094
1761.31177        8.85668
1769.65930       21.54070
1778.00671       36.53486
1786.35413       52.22179
1794.70166       58.30174
1803.04907       39.04765
1811.39648       47.17187
1819.74390       49.51811
1828.09143       19.65125
1836.43884       11.67317
1844.78625        6.73225
1853.13379        7.94177
1861.48120        4.31738
1869.82861        1.27182
1878.17615        3.35714
1886.52356        2.08050
1894.87097        0.97781
1903.21838        1.05434
1911.56592        0.70894
1919.91333        0.84301
1928.26074        0.61665
1936.60828        0.71650
1944.95569        0.48784
1953.30310        0.62537
1961.65063        0.47608
1969.99805        0.60231
1978.34546        0.37777
1986.69299        0.52543
1995.04041        0.41241
2003.38782        0.60628
2011.73523        0.40297
2020.08276        0.48278
2028.43018        0.34984
2036.77759        0.38157
2045.12512        0.23977
2053.47241        0.38255
2061.82007        0.26588
2070.16748        0.32000
2078.51489        0.21321
2086.86230        0.34018
2095.20972        0.24760
2103.55713        0.36248
2111.90479        0.24749
2120.25220        0.36579
2128.59961        0.19610
2136.94702        0.36495
2145.29443        0.23449
2153.64185        0.35195
2161.98926        0.27143
2170.33691        0.35223
2178.68433        0.25489
2187.03174        0.35002
2195.37915        0.30860
2203.72656        0.37675
2212.07397        0.32567
2220.42163        0.36271
2228.76904        0.34856
2237.11646        0.39489
2245.46387        0.34148
2253.81128        0.42356
2262.15869        0.32640
2270.50610        0.37711
2278.85376        0.29424
2287.20117        0.37890
2295.54858        0.28927
2303.89600        0.35036
2312.24341        0.27460
2320.59082        0.39405
2328.93848        0.29150
2337.28589        0.36862
2345.63330        0.28628
2353.98071        0.32007
2362.32812        0.25741
2370.67554        0.37089
2379.02295        0.27703
2387.37061        0.34850
2395.71802        0.32382
2404.06543        0.37527
2412.41284        0.32388
2420.76025        0.39328
2429.10767        0.36271
2437.45508        0.41739
2445.80273        0.39610
2454.15015        0.45413
2462.49756        0.40585
2470.84497        0.56769
2479.19238        0.44112
2487.53979        0.56977
2495.88745        0.51213
2504.23486        0.57447
2512.58228        0.59783
2520.92969        0.71001
2529.27710        0.60359
2537.62451        0.79700
2545.97192        0.69534
2554.31958        0.76197
2562.66699        0.67947
2571.01440        0.79904
2579.36182        0.73685
2587.70923        0.80154
2596.05664        0.83850
2604.40430        0.97740
2612.75171        0.91760
2621.09912        1.08042
2629.44653        1.00495
2637.79395        1.11010
2646.14136        1.04691
2654.48877        1.14719
2662.83643        1.08871
2671.18384        1.22168
2679.53125        1.12413
2687.87866        1.25021
2696.22607        1.22190
2704.57349        1.36454
2712.92114        1.34441
2721.26855        1.51763
2729.61597        1.55857
2737.96338        1.77856
2746.31079        1.70122
2754.65820        2.09690
2763.00562        2.16725
2771.35327        2.46074
2779.70068        2.67890
2788.04810        3.39406
2796.39551        4.10444
2804.74292        5.12577
2813.09033        6.05276
2821.43774        6.94302
2829.78540        7.57379
2838.13281        8.99749
2846.48022       10.27047
2854.82764       12.30294
2863.17505       14.51336
2871.52246       18.79637
2879.87012       23.43252
2888.21753       29.92015
2896.56494       36.27473
2904.91235       37.38308
2913.25977       35.28928
2921.60718       37.23317
2929.95459       47.61055
2938.30225       64.01011
2946.64966       65.44013
2954.99707       62.33529
2963.34448       59.97220
2971.69189       65.29697
2980.03931       68.50594
2988.38696       70.13769
2996.73438       85.33851
3005.08179      145.17981
3013.42920      158.09871
3021.77661      106.57057
3030.12402       58.68411
3038.47144       31.56815
3046.81909       19.66402
3055.16650       12.79829
3063.51392        9.78399
3071.86133        9.71993
3080.20874       11.92695
3088.55615       16.05183
3096.90381       14.34503
3105.25122        7.13973
3113.59863        5.28680
3121.94604        3.09758
3130.29346        3.08064
3138.64087        2.03097
3146.98828        2.07047
3155.33594        1.41176
3163.68335        1.83269
3172.03076        1.29325
3180.37817        1.68522
3188.72559        1.27871
3197.07300        1.75869
3205.42041        1.32396
3213.76807        2.01310
3222.11548        1.49473
3230.46289        2.75817
3238.81030        2.70239
3247.15771        7.46601
3255.50513       12.43656
3263.85278       19.16423
3272.20020       17.29531
3280.54761       12.27028
3288.89502       10.40749
3297.24243       10.74002
3305.58984       13.48096
3313.93726       21.28432
3322.28491       36.66534
3330.63232       56.07565
3338.97974       42.97942
3347.32715       22.34787
3355.67456       13.84733
3364.02197       11.05750
3372.36963       22.48461
3380.71704       28.16394
3389.06445       21.14757
3397.41187        9.99151
3405.75928        4.49488
3414.10669        2.44057
3422.45410        1.49555
3430.80176        1.08449
3439.14917        0.91690
3447.49658        0.71566
3455.84399        0.69832
3464.19141        0.51690
3472.53882        0.57811
3480.88647        0.46105
3489.23389        0.44331
3497.58130        0.31478
3505.92871        0.30803
3514.27612        0.21539
3522.62354        0.23289
3530.97095        0.14493
3539.31860        0.20102
3547.66602        0.19409
3556.01343        0.25394
3564.36084        0.24032
3572.70825        0.29451
3581.05566        0.29673
3589.40332        0.31888
3597.75073        0.29592
3606.09814        0.22334
3614.44556        0.16018
3622.79297        0.17342
3631.14038        0.16563
3639.48779        0.15875
3647.83545        0.12520
3656.18286        0.16324
3664.53027        0.14885
3672.87769        0.21239
3681.22510        0.28659
3689.57251        0.67087
3697.91992        1.93749
3706.26758        5.83366
3714.61499       11.08424
3722.96240        8.28369
3731.30981        3.09677
3739.65723        0.93224
3748.00464        0.31927
3756.35229        0.24087
3764.69971        0.12766
3773.04712        0.13162
3781.39453        0.06215
3789.74194        0.11871
3798.08936        0.05596
3806.43677        0.09746
3814.78442        0.05673
3823.13184        0.07218
3831.47925        0.03030
3839.82666        0.06955
3848.17407        0.03578
3856.52148        0.06430
3864.86914        0.05570
3873.21655        0.06831
3881.56396        0.06444
3889.91138        0.06818
3898.25879        0.07962
3906.60620        0.08791
3914.95361        0.06491
3923.30127        0.07687
3931.64868        0.05568
3939.99609        0.07349
3948.34351        0.07200
3956.69092        0.07544
3965.03833        0.07850
3973.38599        0.07975
3981.73340        0.08435
3990.08081        0.09594
3998.42822        0.09526
4006.77563        0.09098
4015.12305        0.11909
4023.47046        0.09177
4031.81812        0.08451
4040.16553        0.06766
4048.51294        0.08009
4056.86035        0.07518
4065.20776        0.03853
4073.55518        0.07568
4081.90259        0.07944
4090.25024        0.07614
4098.59766        0.08451
4106.94482        0.08212
4115.29248        0.07266
4123.64014        0.07915
4131.98730        0.07181
4140.33496        0.08075
4148.68213        0.09251
4157.02979        0.05826
4165.37744        0.08169
